7.28932 1.52743
7.3077 1.48097
7.47575 0.684659
7.47738 0.638958
7.4359 1.03115
7.44342 0.993513
5.07481 -0.205726
5.07095 -0.189131
5.14166 -0.458899
5.15233 -0.49406
5.36961 -1.01467
5.34622 -0.973932
5.47724 -1.1776
5.52554 -1.23794
5.07572 1.81353
5.06775 1.78024
5.4293 2.51941
5.37258 2.45695
6.07658 -1.45303
6.08395 -1.45136
5.88953 -1.45246
5.8435 -1.4417
5.13721 2.01463
5.16629 2.09343
5.75114 2.7062
5.83246 2.71985
6.46609 -1.30054
6.53156 -1.25749
7.0014 2.04082
7.00896 2.03054
6.16794 2.68546
6.2172 2.66755
6.41587 2.5766
6.43779 2.56451
7.16754 -0.558624
7.12675 -0.625952
5.55049 2.61865
5.60874 2.65202
7.4723 0.741732
7.4752 0.706016
5.17609 -0.570728
5.20661 -0.655109
5.28178 -0.840812
5.30241 -0.884329
5.61461 -1.32409
5.60104 -1.31109
5.02742 1.59508
5.00769 1.48346
4.9924 1.36805
5.00739 1.48144
4.97095 1.1367
4.966 1.06591
5.30713 2.36771
5.35931 2.44187
6.26978 -1.39952
6.31206 -1.3803
5.70953 -1.38975
5.71288 -1.39123
5.21221 2.19817
5.1797 2.12755
6.86655 -0.96595
6.92971 -0.896287
6.71558 -1.1139
6.67202 -1.15231
7.30628 -0.276932
7.29054 -0.314893
7.3837 -0.0577417
7.39917 -0.00371661
7.43952 0.174021
7.45053 0.237077
5.03448 -0.0127921
5.04507 -0.0664172
4.96015 0.885013
4.96055 0.908724
4.96186 0.688185
4.96115 0.713253
4.97748 0.417502
4.97452 0.452328
5.00408 0.176784
5.02071 0.064522
5.86256 2.72379
5.95739 2.72378
6.94211 -0.88127
7.0005 -0.807628
7.33731 1.39985
7.35935 1.33428
7.41723 1.12183
7.4091 1.16189
7.47481 0.475652
7.47003 0.402432
7.4761 0.517833
7.47812 0.596568
5.09572 -0.295373
5.1127 -0.358855
7.45224 0.934831
7.4485 0.963343
6.75227 2.32439
6.77588 2.30125
6.57841 2.47086
6.62375 2.43548
6.93608 2.12386
6.90216 2.1649
6.33883 2.61667
6.36187 2.60604
5.12208 -0.392248
4.961 0.932857
4.96286 1.01386
4.9593 0.801798
6.49702 2.528
6.50185 2.52474
7.40347 1.18314
7.40793 1.1664
7.46235 0.859814
7.46439 0.842858
5.15678 -0.508571
5.17103 -0.555133
7.07477 1.93323
7.1036 1.88832
7.32203 -0.237392
7.33567 -0.202195
7.23959 -0.426176
7.22737 -0.450616
7.33099 1.41907
4.97985 1.25133
4.97587 1.20279
5.08645 -0.257317
5.08473 -0.250027
4.98284 0.35985
4.98658 0.321739
4.96493 0.609859
4.96607 0.582832
7.22882 1.66184
7.23324 1.65281
7.1784 1.76039
7.17542 1.76594
5.03147 0.00347687
5.02503 0.0377936
4.95933 0.778448
7.07091 -0.713578
7.06352 -0.724433
7.27346 1.56462
7.32346 1.44095
7.47793 0.602823
7.47558 0.693394
7.44499 0.983023
7.42983 1.0664
5.06319 -0.154125
5.32369 -0.928848
5.4006 -1.06592
5.54084 -1.25365
5.43483 -1.12122
5.05011 1.70525
5.09567 1.88751
6.66499 2.40238
6.70207 2.36982
5.36324 2.44668
5.4536 2.54344
6.1725 -1.43232
6.05889 -1.45461
5.79858 -1.42949
5.93611 -1.45589
5.17183 2.10826
5.11047 1.93537
6.78973 -1.04628
6.7944 -1.04196
7.24127 -0.422662
7.28456 -0.328525
7.41515 0.0591835
7.42775 0.113874
4.95969 0.754779
4.9891 0.298362
4.99991 0.207876
5.72528 2.69882
5.85375 2.72337
6.56505 -1.23495
6.42107 -1.3259
6.95688 2.09857
7.01167 2.02663
6.07638 2.70828
6.27518 2.64654
7.05622 -0.734413
7.18711 -0.524696
7.25271 1.61104
7.26288 1.58822
5.64956 2.67194
5.50526 2.58592
7.47097 0.764461
5.2301 -0.717067
5.172 -0.558183
5.24319 -0.750946
5.42002 -1.09801
5.25995 -0.792666
5.61814 -1.32722
5.00762 1.48304
5.03447 1.63
5.10516 1.91934
4.98943 1.34179
5.26752 2.3055
5.25631 2.28542
5.24553 2.26414
5.98226 -1.45972
6.20413 -1.42145
6.36839 -1.35507
5.70832 -1.38899
6.7973 -1.03916
6.93627 -0.888464
6.63262 -1.18332
7.15186 1.8081
7.13221 1.84157
7.21135 -0.481144
7.31371 -0.258691
7.34488 -0.176834
7.36567 -0.116545
7.45755 0.286996
5.04997 -0.0916675
5.03266 -0.00310739
4.96322 0.648052
4.96798 0.546549
4.97187 0.48623
4.98015 0.387043
5.02193 0.0568347
6.06178 2.71185
6.0449 2.71431
7.46692 0.368132
7.40841 1.16443
7.42441 1.09243
7.47587 0.499566
7.38308 1.25786
7.38726 1.24266
7.42692 1.07928
7.45481 0.918894
6.84028 2.23652
6.54039 2.49788
6.846 2.2303
6.8517 2.22378
7.05742 1.96016
6.49244 2.53117
6.44714 2.55874
7.46561 0.830934
6.30622 2.63254
7.20508 1.70961
7.19705 1.72533
7.20408 1.71166
6.38334 2.5952
7.36389 1.32038
