7.63406 -0.224872
7.63451 -0.2235
7.55385 -0.438386
7.54347 -0.462642
5.31761 3.08141
5.32946 3.08933
7.73969 0.251327
7.74077 0.259999
4.67078 1.14918
4.66648 1.06086
5.1426 -1.45711
5.10571 -1.37432
5.04493 -1.22808
5.0332 -1.19647
4.741 1.83291
4.74775 1.87288
6.05503 -1.9649
6.00993 -1.98147
5.71497 -2.01052
5.71584 -2.01057
5.37916 -1.82533
5.35134 -1.79234
4.66928 0.634128
4.6731 0.539385
7.0726 -1.21153
7.10313 -1.17592
6.65494 2.84905
6.70316 2.81107
7.35135 -0.830987
7.32884 -0.866947
7.75787 0.484862
7.75804 0.48929
7.69673 0.00506887
7.69787 0.0101224
5.51632 3.17887
5.57837 3.19521
5.12441 2.89356
5.15829 2.93467
5.14687 -1.46546
5.18883 -1.54672
4.67786 1.2838
4.67854 1.29538
4.70777 1.60191
4.70957 1.61618
5.84457 -2.01067
5.8109 -2.01493
5.62119 -1.98889
5.54595 -1.9553
4.90706 -0.813926
4.89917 -0.786875
4.85339 -0.618418
4.84499 -0.58508
4.66491 0.761685
4.66443 0.783539
4.92322 2.52486
4.95011 2.59174
5.03777 2.76509
5.04577 2.77735
4.89396 2.44695
4.87945 2.40772
7.43814 -0.68068
7.48142 -0.59667
6.38291 3.02853
6.41007 3.01395
5.91826 3.2008
5.93153 3.19838
6.60116 2.89032
6.77866 2.74739
6.73896 2.78236
6.60911 -1.65274
6.66326 -1.60929
6.51477 -1.72243
6.52062 -1.71824
7.25123 -0.981586
7.28958 -0.926712
5.30728 -1.73916
5.28235 -1.70227
6.95982 -1.33663
6.93165 -1.3656
4.80467 2.14495
4.82253 2.21489
7.75504 0.722027
7.75758 0.666497
4.73029 -0.0127993
4.7257 0.0175195
7.66754 -0.111906
7.62868 -0.240462
7.52811 -0.4976
7.5926 -0.342349
5.95582 -1.99331
6.11238 -1.94591
7.0689 2.45116
7.04735 2.47642
7.10978 -1.16789
7.1517 -1.11572
7.01685 -1.27547
7.0414 -1.24837
6.24887 3.0972
6.2694 3.0869
7.41669 1.93024
7.43217 1.90005
7.33858 2.06902
7.3692 2.01663
7.2556 2.20124
7.2693 2.18049
7.1446 2.35611
7.16253 2.33291
7.65331 1.33332
7.63138 1.40924
7.69409 1.1672
7.68242 1.21981
7.74604 0.843911
7.75152 0.78083
7.59595 -0.333491
6.53704 2.93414
6.50175 2.95773
4.68825 1.42553
4.68809 1.42369
5.9094 -2.00468
5.71404 -2.01033
5.53068 -1.94809
5.4591 -1.89961
4.91284 2.50095
6.19225 3.12126
6.19232 3.12124
6.32123 3.06158
6.4556 2.98713
6.41669 3.0103
6.82121 2.71028
6.35175 -1.82671
6.31211 -1.85067
6.91421 -1.38356
4.66489 0.934786
4.6646 0.913274
4.67213 1.18457
4.67142 1.16727
4.97928 -1.04491
5.00039 -1.10577
5.23812 -1.63565
5.26945 -1.68264
5.33382 -1.77188
4.684 0.382491
4.68251 0.403092
4.66756 0.673304
4.66838 0.653173
6.8771 2.65781
6.91841 2.61684
7.72587 0.999166
7.72329 1.01712
6.14712 -1.92996
4.66644 1.04027
4.69039 1.44757
5.7147 -2.0105
4.70166 0.197591
4.70177 0.196574
4.67441 0.522773
7.00403 -1.28973
7.45662 1.85109
7.49933 1.76007
5.77199 3.21414
5.78959 3.21321
6.43206 -1.77785
6.41025 -1.79229
6.84621 -1.44928
7.42824 -0.699779
7.42746 -0.701252
7.56851 1.59331
7.53859 1.66867
6.56985 2.91251
4.67922 1.30561
4.68316 1.35954
6.28357 -1.86504
6.21273 -1.90193
4.93828 -0.919317
4.93019 -0.892516
4.95193 -0.964098
4.67496 0.507336
4.69452 0.265196
4.66548 1.01911
4.66443 0.891494
4.6642 0.805884
6.08635 3.15885
6.06458 3.16528
6.85092 2.68279
4.78217 -0.310969
4.79166 -0.356279
4.69512 1.49179
4.69467 1.48785
4.73261 1.7781
4.72732 1.74453
4.77199 -0.257066
4.77875 -0.293503
4.77136 2.00124
4.77481 2.01796
5.6686 3.20972
5.63672 3.20556
7.60193 1.50006
7.59952 1.50688
5.45354 -1.89551
4.96832 -1.01391
7.72127 0.125281
7.72112 0.124451
5.4164 3.13935
5.23679 3.01645
7.75234 0.381645
7.72348 0.139967
5.14489 -1.46174
5.08307 -1.32034
4.75056 1.88993
4.73725 1.8087
4.87975 -0.719561
4.8843 -0.735589
4.8443 2.29453
4.84725 2.30542
6.75687 -1.53059
6.79547 -1.49689
7.30228 -0.907455
7.36106 -0.815231
7.3783 2.00052
7.41448 1.93448
7.21243 2.2651
7.21447 2.26218
7.57193 1.58439
7.67499 1.25014
7.65823 1.31584
7.75859 0.576003
7.75644 0.454101
7.71788 0.108345
7.66911 -0.106105
7.72144 0.126245
5.22018 3.00116
5.44092 3.15043
5.61717 3.20319
5.09016 2.84639
7.75313 0.392211
5.23137 -1.62345
5.06831 -1.28598
5.23515 -1.63047
4.7151 1.66023
4.70179 1.55202
4.72159 1.70549
4.77098 1.99919
4.87157 -0.690014
4.91691 -0.847913
4.82839 -0.516644
4.70875 0.136661
4.71025 0.12502
4.9566 2.60498
5.03197 2.75531
4.99133 2.68005
4.7972 2.11647
4.78518 2.06492
7.48761 -0.584276
7.42891 -0.698555
6.12914 3.14469
6.03355 3.17465
5.93699 3.19709
5.86164 3.20802
5.73074 3.21423
5.71509 3.21336
6.70982 -1.57172
6.565 -1.68516
6.50922 -1.72659
7.21086 -1.03926
7.19953 -1.05495
7.3981 -0.751791
7.75865 0.597714
7.50238 1.75322
7.53602 1.67478
4.81014 -0.438231
6.97815 2.55482
6.98265 2.54996
7.75833 0.630761
7.75341 0.755806
4.74405 -0.100702
4.75291 -0.152183
6.98855 2.54331
7.10986 2.40056
7.17987 -1.0803
7.10743 -1.17074
7.70405 1.12126
7.71562 1.06001
7.45343 1.85773
7.32093 2.09864
7.29772 2.13598
7.20573 2.27451
7.62906 1.41674
7.73595 0.930999
7.73223 0.957409
7.73866 0.908187
6.47212 2.97724
4.85843 2.34305
5.40276 -1.84775
4.7 0.212518
5.82398 3.21159
6.40596 -1.79483
6.18412 -1.91421
4.69512 0.258844
5.01122 -1.13708
4.68792 1.42156
6.81144 -1.48272
4.69485 0.261837
6.36098 3.04114
7.50866 -0.540386
6.4747 2.97556
4.86736 2.37048
