4.5216 -1.41615
4.55341 -1.55773
8.10183 -0.247513
8.10403 -0.240315
8.20591 0.434489
8.20721 0.477846
4.19518 1.35832
4.19346 1.33618
4.18521 0.850337
4.1849 0.833158
6.85858 3.36014
6.84981 3.36739
4.31351 -0.460366
4.32386 -0.516177
4.23302 1.91473
4.22505 1.82578
4.8061 -2.73664
4.81151 -2.75884
4.78368 -2.61508
4.78173 -2.60249
4.21965 0.18731
4.2144 0.242501
4.27251 -0.233683
4.27332 -0.238587
7.88114 -0.820689
7.88892 -0.804914
5.36789 -3.29352
5.34511 -3.30818
5.50698 -3.19154
5.5281 -3.17728
7.88174 1.99824
7.89361 1.97172
4.32447 2.59569
4.3141 2.5318
5.22262 4.00838
5.27433 4.01748
4.74818 -2.42074
4.75524 -2.46384
7.15575 3.08145
7.18986 3.04565
8.15299 1.12591
8.14838 1.15155
4.90807 -3.32306
4.90831 -3.33883
7.4842 2.68935
7.50617 2.65986
7.6827 -1.17185
7.62573 -1.25883
7.6751 2.39989
7.7174 2.32519
8.02864 1.62122
8.01342 1.66713
5.70377 -3.05298
5.69398 -3.06088
4.93575 -3.48967
4.93619 -3.45169
5.04976 -3.51351
5.0462 -3.51496
4.8379 -2.90178
4.84664 -2.94913
4.85372 -2.99968
4.86282 -3.04509
4.65823 -2.02212
4.65356 -1.99956
5.65561 -3.08793
5.64833 -3.09273
4.88511 -3.18079
4.8849 -3.17394
5.22653 -3.39076
5.27071 -3.36215
5.11267 -3.46787
5.1569 -3.44169
5.98913 -2.84546
5.96708 -2.86114
6.65344 3.52387
6.63742 3.53537
6.21854 3.79848
6.17553 3.81961
5.77873 3.97634
5.77977 3.97601
6.04435 3.8798
6.05508 3.87554
4.24256 2.00906
4.24123 1.9958
4.39745 2.96345
4.38897 2.9256
4.44013 3.12669
4.43663 3.11331
7.13432 3.10361
7.56289 -1.34881
7.60893 -1.28366
7.06587 -1.92995
7.08106 -1.91487
6.90455 -2.08724
6.88999 -2.10106
4.7299 3.7179
4.76419 3.75881
8.20623 0.653056
8.20661 0.642596
6.6576 -2.3072
6.68209 -2.28538
6.43627 -2.49259
6.4076 -2.51667
6.22739 -2.66113
6.24193 -2.64927
4.58933 -1.7152
4.60958 -1.80079
7.99063 -0.574612
7.98456 -0.590105
4.93272 3.89841
4.9389 3.90255
7.75371 -1.05606
7.7746 -1.02035
6.10089 -2.76026
6.16307 -2.71076
6.96021 3.27082
7.04071 3.19527
4.27051 2.23476
4.28129 2.30858
4.23458 1.93219
4.23607 1.94838
7.31146 2.91069
7.32205 2.89804
7.17499 -1.81523
7.2487 -1.73527
6.08102 -2.7762
6.0044 -2.833
4.48207 -1.24372
4.50776 -1.35258
4.5596 -1.5857
4.6325 -1.90949
4.63024 -1.89792
4.46313 -1.16356
4.46459 -1.16998
4.43057 -1.01887
4.43608 -1.0438
4.18534 1.0234
4.18504 0.977337
4.20324 1.52007
4.20135 1.48558
4.19548 0.506447
4.19793 0.465377
5.50437 4.02354
5.47716 4.02505
5.3955 4.02638
5.43359 4.02727
4.28227 2.31394
4.28309 2.32021
4.23452 0.0406744
4.23944 -0.000544474
5.47594 -3.21624
5.45513 -3.22988
7.96333 1.80342
7.9777 1.766
7.78762 2.19424
7.80165 2.16685
5.01244 3.94084
5.001 3.93578
5.13183 3.98729
5.17615 3.9983
4.76256 -2.49266
4.73994 -2.385
8.10181 1.3682
8.08508 1.43369
7.63 2.47454
7.58718 2.54117
7.4616 -1.48491
7.47286 -1.47065
7.38103 -1.58466
7.38619 -1.57851
4.52538 3.36775
4.52115 3.35843
4.69914 -2.1942
4.68721 -2.14181
4.73145 -2.34303
4.71824 -2.27981
5.81901 -2.96823
5.84254 -2.95239
5.76827 -3.00665
4.63496 -1.92204
4.67467 -2.08961
8.10588 -0.233654
8.03508 -0.455986
8.0276 -0.476543
8.1867 0.18826
8.19197 0.237893
8.16608 0.0368178
8.17275 0.0810325
4.83994 3.83163
4.82058 3.81558
6.73301 3.46259
6.7452 3.45325
6.94328 3.28583
6.95176 3.27839
5.77558 3.97718
5.77808 3.97655
5.83395 3.95916
5.8677 3.94752
6.00015 3.89859
5.95006 3.91726
5.66481 4.0021
6.29095 3.75946
6.27352 3.76932
6.52639 3.61413
6.50147 3.63143
4.40385 2.98824
7.25993 2.96905
7.14208 -1.85042
6.99432 -2.00224
6.81899 -2.16491
6.98612 -2.01041
8.20106 0.741991
8.20008 0.755513
6.76195 -2.21551
6.72124 -2.25148
6.62118 -2.33785
6.50017 -2.44065
6.52878 -2.41689
4.61741 -1.83842
4.58642 -1.70263
4.20707 1.58327
4.20907 1.61388
4.19323 0.553303
4.19139 0.595785
4.26338 2.18317
4.26415 2.1898
7.33056 -1.64391
7.34033 -1.63287
4.39122 -0.838575
4.38101 -0.791382
4.41559 -0.951017
4.40845 -0.917596
4.18583 1.05856
4.18668 1.10433
5.92931 -2.88891
5.91692 -2.89872
4.56316 -1.60266
4.57833 -1.66913
8.06798 -0.357998
8.20145 0.353833
8.20364 0.385653
4.18732 0.723334
4.1864 0.741389
7.06115 3.17598
7.05073 3.18589
6.75633 3.44456
6.84062 3.37491
5.43287 -3.24485
5.40397 -3.26815
5.54436 -3.16498
5.56507 -3.1515
6.37664 3.70942
6.35138 3.72495
6.49507 3.63578
6.4408 3.67098
4.34795 2.73522
4.34861 2.7392
4.81041 3.80542
8.18888 0.876837
8.18975 0.86936
8.17317 0.999415
8.18816 0.884187
4.89423 -3.24832
4.90759 -3.31248
6.98749 -2.00904
4.68194 3.65532
4.71402 3.69999
8.11477 -0.199168
4.87969 3.86313
6.54994 3.59824
6.61902 3.54845
5.61272 4.01098
4.24895 2.06981
6.34598 -2.56636
6.33972 -2.57155
7.25797 -1.72533
8.15974 0.000253122
8.1393 -0.100803
4.19013 1.23133
4.19024 1.25161
4.2201 1.76414
4.21843 1.7414
4.41259 3.02166
4.41955 3.05083
4.73282 -2.34873
7.35079 2.86226
7.37749 2.83047
4.57579 3.47906
4.58754 3.50386
4.47631 3.23788
4.47991 3.24822
6.58715 -2.36656
6.56001 -2.39
6.12614 3.84339
6.10976 3.85102
6.80304 -2.17941
4.19249 1.29483
4.19584 1.38186
4.18619 0.786836
4.18477 0.867445
4.33322 -0.565129
4.29754 -0.374562
5.55817 4.01831
5.52127 4.02256
4.82 -2.80183
4.79763 -2.68693
4.78485 -2.62316
4.77083 -2.54249
4.20984 0.301462
4.22593 0.120417
4.2776 -0.263027
4.25526 -0.1202
7.93546 -0.704876
7.83305 -0.914153
5.33184 -3.31902
5.3817 -3.28199
7.92405 1.90069
7.84855 2.07053
4.33042 2.63584
4.30331 2.4576
4.42495 3.07306
5.3261 4.02229
5.2018 4.00472
8.17079 1.01628
8.12911 1.24875
4.89407 -3.23927
4.92432 -3.42722
4.9231 -3.3863
5.28257 -3.35197
4.82962 -2.86152
4.82438 -2.82685
5.61625 -3.1159
5.58225 -3.13857
4.95268 -3.51017
4.99903 -3.53905
5.04011 -3.51643
5.09979 -3.48063
4.85015 -2.97356
4.8716 -3.09675
4.87344 -3.11027
5.67521 -3.07461
4.87392 -3.1176
5.21382 -3.402
5.17009 -3.42945
4.24785 2.05941
7.82032 -0.937798
7.94138 -0.691654
4.45519 3.17569
7.71323 -1.12311
7.61456 -1.27541
7.52908 -1.39637
4.62541 3.57275
4.65507 3.61743
4.78982 3.78413
8.20834 0.562978
8.20401 0.692711
6.27619 -2.6223
6.31117 -2.59353
6.20306 -2.6803
4.21173 1.65191
4.21527 1.70242
4.60589 3.5362
7.51479 -1.41577
4.47895 -1.23042
4.48013 -1.23531
4.62471 -1.87273
4.47438 -1.21171
4.45016 -1.1069
4.44667 -1.0911
4.42216 -0.980703
4.18509 0.960042
4.18549 1.04084
4.2001 1.45931
4.20492 1.54973
4.29417 -0.35539
4.35206 -0.658943
4.19958 0.43867
4.19419 0.530588
5.45024 4.0268
5.61012 4.01131
5.34998 4.02453
4.25179 -0.095444
7.8363 2.09609
7.9367 1.87027
7.99965 1.70643
7.75302 2.26085
4.2987 2.42719
4.96282 3.9153
5.06509 3.96396
5.10565 3.97807
8.12005 1.29054
8.0712 1.48438
7.64425 2.45151
7.56875 2.56921
7.44236 2.74679
7.3942 2.8091
7.52644 2.63065
7.7386 2.28739
7.50149 -1.43341
7.42997 -1.52488
7.42145 -1.53533
7.3415 -1.63153
4.50413 3.3133
4.53693 3.39507
4.49185 3.28253
4.68192 -2.12151
4.70327 -2.21086
4.71546 -2.26836
8.05516 1.53893
5.88222 -2.92363
8.19347 0.253002
8.18485 0.171434
5.8896 3.94046
6.10432 3.85341
4.37791 2.87697
4.37225 2.85197
6.78488 -2.19576
6.70449 -2.26602
6.53039 -2.41559
6.46855 -2.46685
6.40326 -2.52027
4.19075 0.616911
4.37901 -0.782371
4.39466 -0.854492
4.40339 -0.894808
4.18724 1.12287
8.20828 0.523475
4.18908 1.21172
4.18748 0.704655
6.43998 3.67153
4.55274 3.43246
7.9472 -0.678335
6.24395 3.78491
4.46268 3.19846
4.22345 1.80499
8.13517 -0.118908
4.3677 -0.728263
4.35436 -0.670121
5.91424 3.93105
4.91584 -3.36294
7.46239 2.71998
8.04335 1.57679
5.87815 -2.92642
8.17909 0.124303
6.32919 3.7382
4.38459 2.90792
6.46682 -2.46832
4.36116 2.80017
4.35202 2.75607
6.16921 3.82277
6.41067 3.68912
4.36233 2.80572
5.94305 -2.87885
