4.71667 -1.17055
4.73415 -1.23466
5.41728 -2.55979
5.38344 -2.54863
5.00947 -2.06846
4.98688 -2.01376
5.1124 -2.27564
5.11456 -2.27995
5.0437 3.4445
5.11351 3.49939
4.65977 -0.956021
4.63629 -0.860072
4.57206 -0.579867
4.54452 -0.445509
6.17973 3.49629
6.28569 3.44513
4.58085 2.50537
4.59946 2.58236
4.63926 2.72887
4.6393 2.72898
7.2942 2.57806
7.33096 2.52885
7.41831 -1.17846
7.46564 -1.11137
7.2611 -1.38528
7.28322 -1.35787
6.60564 -2.02792
6.6308 -2.00862
6.95405 -1.71845
7.0178 -1.65616
4.81933 -1.52977
4.80305 -1.47484
7.82787 -0.405902
7.82776 -0.406203
4.83467 3.19175
4.8144 3.15657
4.9009 3.28999
4.91549 3.30945
4.9865 3.39136
5.01503 3.41906
5.25932 3.57781
5.30819 3.59654
6.03817 -2.41407
6.03865 -2.41379
5.81764 -2.51606
5.75045 -2.54068
4.88025 -1.72139
4.87538 -1.70783
6.79757 3.09692
6.77194 3.11893
6.54257 3.29034
6.58306 3.26242
5.69587 3.63499
5.72077 3.63215
4.58781 -0.652848
4.61163 -0.755787
4.52271 2.21941
4.51271 2.16433
4.48514 1.98732
4.48679 1.99832
7.73069 -0.640755
7.74365 -0.611549
7.611 -0.874584
7.62687 -0.846282
5.95226 3.58264
5.96441 3.57833
6.31902 3.42729
6.40342 3.37976
7.07484 2.83627
7.09225 2.8174
6.945 2.96479
6.99546 2.91701
7.51897 -1.0285
7.47209 -1.10183
6.78697 -1.8746
6.8263 -1.84058
7.10981 -1.56005
7.10098 -1.56943
7.99713 0.574617
7.99704 0.530005
6.37565 -2.20076
6.4107 -2.17725
6.28394 -2.26474
6.25418 -2.2828
4.93827 -1.8893
4.96013 -1.94607
4.79992 3.13024
4.79134 3.11287
5.4837 3.63507
5.50232 3.6366
4.69332 2.88766
4.67859 2.84719
7.70658 1.8795
7.68728 1.92296
7.98851 0.779684
7.99056 0.753897
4.76621 -1.35143
4.76397 -1.3438
5.4532 -2.56789
5.32465 -2.51817
5.35232 -2.5324
5.30771 -2.50752
5.02487 -2.10067
5.04604 -2.14788
6.10157 -2.37874
6.08903 -2.38559
5.29331 -2.49448
5.24824 -2.4579
5.25352 -2.46209
5.19507 -2.39972
5.16762 -2.36048
4.41132 0.891874
4.41142 0.850071
4.41219 1.01836
4.41171 0.977071
4.42612 1.39034
4.42415 1.35835
4.43458 1.51058
4.43284 1.48665
4.51469 -0.287992
4.5346 -0.394589
4.43254 0.360848
4.43486 0.331219
4.42323 0.497082
4.42533 0.461676
4.48606 -0.113823
4.48666 -0.117807
4.4513 0.158553
4.45532 0.121676
5.93294 3.58809
5.83679 3.61191
6.13454 3.51475
6.29208 3.4421
4.56441 2.43514
4.55342 2.38263
7.19105 2.70643
7.19945 2.69658
7.97103 0.945948
7.95935 1.02801
7.92866 1.19696
7.90448 1.30485
7.35054 -1.27116
7.31204 -1.3218
6.69826 -1.95164
6.53167 -2.087
7.03368 -1.63959
6.9225 -1.75018
7.49679 2.2819
7.48069 2.30805
7.57565 2.14413
7.54809 2.19389
7.41268 2.4126
7.44917 2.3578
7.85708 1.47643
7.87624 1.41151
7.80128 1.64396
7.81881 1.59461
5.59256 -2.5738
5.5536 -2.57709
5.68024 -2.55881
5.6445 -2.56692
7.91324 -0.125461
7.91671 -0.111952
7.86763 -0.287479
7.87072 -0.277403
7.86482 -0.296589
4.88356 3.26397
4.94518 3.34605
6.87445 3.02988
6.84886 3.05279
6.66053 3.2056
6.63804 3.22263
6.51386 3.31036
4.53323 2.281
4.49865 2.07968
5.8079 3.61707
5.77862 3.62316
6.06646 3.54313
6.41905 3.36986
6.41081 3.37511
7.01325 2.89906
6.91482 2.99397
6.50898 -2.10339
6.87238 -1.79689
6.72899 -1.92638
7.11203 -1.55773
6.3279 -2.23422
4.76411 3.05966
4.67787 -1.0252
4.68064 -1.03568
4.45444 1.73687
4.45504 1.74327
4.4417 1.59745
4.4431 1.61496
4.41485 0.681774
4.41356 0.722471
4.4201 0.554731
4.41831 0.592092
4.72256 2.96527
4.71856 2.9558
7.76103 1.75058
7.73058 1.82532
7.68138 1.93552
7.64038 2.02095
7.16162 -1.50192
7.20256 -1.45488
4.62889 -0.828842
4.41662 1.19235
4.41796 1.23106
4.41305 1.06327
4.41393 1.10407
6.18666 -2.32748
4.84529 3.20814
4.66351 -0.97051
4.66408 -0.972668
6.7207 3.16026
6.71755 3.16268
4.50334 -0.223346
4.50536 -0.235828
7.15695 -1.50729
7.12262 -1.54595
4.96154 -1.95003
4.97354 -1.98051
5.97649 -2.44645
5.93783 -2.46518
7.99279 0.399972
7.9862 0.304881
4.47016 1.87479
4.46964 1.87106
7.9645 0.12776
7.95219 0.0523915
4.49574 2.06196
4.96621 3.36902
7.98344 0.842096
7.98474 0.827317
4.74127 -1.26111
4.70191 -1.11548
4.84662 -1.61843
4.83991 -1.59593
4.98518 -2.00995
5.01542 -2.08105
5.12025 -2.28967
5.07887 -2.21423
5.1377 3.51517
5.38062 3.61606
5.40472 3.62291
5.90867 -2.47793
5.85928 -2.50072
7.97704 0.221056
7.97186 0.176139
4.42159 1.29456
4.42218 1.33005
4.4115 0.955266
4.41133 0.913571
4.41315 0.786569
4.41135 0.828354
4.43011 1.4506
4.42824 1.4225
4.42749 0.429208
4.42973 0.396453
5.56038 3.64025
5.60456 3.64007
4.49333 2.04695
4.4669 0.0234592
4.46975 0.0012316
7.6743 -0.756981
7.68382 -0.738316
4.57534 2.48318
4.61855 2.65375
4.65444 2.77651
4.63912 2.72839
7.1527 2.75089
7.17507 2.72531
7.95193 1.07351
7.93531 1.16429
7.26295 2.61798
7.35816 2.49162
7.46995 -1.10502
7.39263 -1.21449
7.307 -1.32805
7.25667 -1.39084
7.53674 2.21372
7.50039 2.27593
7.83041 1.56008
7.84861 1.50413
7.99545 0.656511
7.99517 0.666685
5.63751 -2.56757
5.5992 -2.57368
4.79254 -1.44076
4.86551 -1.67884
5.21116 3.55668
5.17652 3.53874
5.4277 3.62682
6.0405 -2.41276
5.98825 -2.44025
5.72128 -2.54812
7.98265 0.269657
7.93135 -0.0512376
7.93605 -0.0289755
7.92793 -0.0670598
4.90679 -1.79925
4.93004 -1.86526
4.47801 1.93469
7.69215 -0.721617
7.7807 -0.525802
7.56686 -0.950649
7.36606 -1.25117
7.543 -0.990435
7.99656 0.483533
4.76701 -1.35409
5.68954 -2.55737
4.44767 1.66691
4.44872 1.67911
4.4172 0.618092
4.41566 0.657286
4.66536 2.8078
4.6998 2.90625
4.4146 1.12767
4.41574 1.16757
4.50831 -0.25299
4.69233 -1.07981
5.47184 -2.5725
5.50759 -2.57615
5.06542 -2.18577
5.15545 -2.34453
5.21461 -2.42165
4.41235 1.04057
4.43773 1.5508
4.43812 0.292161
4.42126 0.526893
4.49024 -0.141218
4.44259 0.24308
4.62546 2.68037
4.54903 2.36065
7.22891 2.66052
7.14039 2.76492
7.97742 0.895464
7.9016 1.31664
7.39445 2.4395
7.21263 -1.44289
7.61349 2.07311
7.59326 2.11173
7.45539 2.34813
7.88132 1.39301
7.78696 1.68307
5.54451 -2.57651
7.90164 -0.170205
6.77187 3.11898
4.46238 1.81406
4.46161 1.8078
6.08054 -2.39006
4.46153 1.80703
4.41275 0.745599
4.72447 2.9695
4.65846 2.7881
4.53977 2.31416
7.72676 1.83417
7.77021 1.72802
7.63537 2.03093
4.74945 3.02683
4.41877 1.25709
5.64835 3.63792
7.99505 0.438759
5.74943 3.62766
7.99503 0.669863
5.24468 -2.45423
6.69219 3.18187
6.82293 3.07569
4.93445 -1.87815
5.37134 -2.54308
7.77111 1.72571
7.82686 -0.408522
7.78646 -0.511848
6.61762 3.238
4.46157 1.80743
7.89802 -0.183366
