6.3535 -0.759969
6.26469 -0.789062
7.0854 0.922698
7.07885 0.958142
5.46479 1.56216
5.43041 1.46227
5.5485 1.7489
5.58332 1.80694
6.69457 1.76558
6.70533 1.75294
5.51918 -0.248374
5.53347 -0.281147
5.43165 0.0135852
5.45105 -0.0519863
6.13726 -0.806995
6.20639 -0.799827
6.40215 2.00699
6.44189 1.98408
6.1847 2.09264
6.21312 2.08748
5.83015 2.04684
5.80209 2.03218
6.0041 2.10256
6.05823 2.10389
6.84135 -0.326405
6.83207 -0.340647
6.64807 -0.558943
6.6877 -0.520261
6.58491 -0.617248
6.51296 -0.670472
5.34132 0.902068
5.34075 0.888695
5.36275 1.13262
5.36754 1.16475
7.09578 0.853019
7.10396 0.776616
5.40285 1.35252
5.42839 1.45555
5.65985 1.90895
5.611 1.85006
6.82858 1.58806
6.81917 1.60184
6.93272 1.39915
6.91994 1.42616
5.76119 -0.640096
5.7251 -0.5993
5.94388 -0.768341
5.89104 -0.74018
6.91733 -0.195014
6.94356 -0.143637
7.0237 0.051629
7.02826 0.0648745
5.58638 -0.39407
5.60869 -0.432615
5.39973 0.153955
5.41746 0.0708386
5.34081 0.628303
5.33994 0.650511
5.36069 0.379411
5.36108 0.376426
7.0874 0.300749
7.08709 0.299043
7.11247 0.572612
7.11191 0.548527
7.04223 1.1126
7.05382 1.06552
7.01922 1.18318
7.00153 1.23526
7.06335 1.02953
6.56306 1.89557
6.63178 1.83052
6.96223 1.33415
6.97234 1.31137
7.03054 1.1505
6.55561 1.90158
6.50011 1.94462
6.54017 1.9139
6.65806 1.80389
6.37421 2.02356
6.33389 2.04317
6.24315 -0.795302
6.40287 -0.736026
6.32011 2.0498
6.22419 2.08377
5.96162 2.0941
5.90213 2.07903
6.70812 -0.498437
6.76247 -0.432955
5.3491 1.01916
5.34961 1.02413
5.42967 1.46002
5.49077 1.62797
5.59892 1.83232
5.52131 1.69852
6.70993 1.74724
6.84471 1.56229
6.88392 1.49528
5.85167 -0.716751
5.7993 -0.674092
6.97713 -0.0697457
6.98886 -0.0422327
5.50582 -0.216239
5.56132 -0.341981
5.46535 -0.0983302
5.42259 0.0493953
5.34825 0.50244
5.34721 0.515505
7.10502 0.431616
7.10439 0.425223
6.46831 -0.700955
6.07063 -0.801433
6.45324 1.976
6.3888 2.01554
6.10782 2.10466
5.73319 1.98125
5.70436 1.957
6.8232 -0.352895
6.89306 -0.239996
6.60488 -0.599767
5.33825 0.782077
5.34691 0.990545
5.38066 1.24345
5.39384 1.31014
7.10828 0.725201
7.09321 0.873139
5.66217 -0.519586
5.6462 -0.494072
5.67265 -0.535167
5.50436 1.66142
6.76733 1.67396
6.9 1.46514
6.9469 1.369
6.01304 -0.791246
6.03759 -0.798198
7.05874 0.169608
5.48307 -0.15134
5.38431 0.230054
5.47646 -0.13233
5.37917 0.259821
5.33812 0.76949
5.35843 0.399747
5.33822 0.756923
7.06105 0.178565
7.11106 0.669366
7.07206 0.99202
6.98014 1.2928
